I
1050 Generated by WorldEditor 1.6.0r1

1     14 1 0 VOPB PORT BLAIR
100 45.72 15 0 0.25 0 2 0 04  11.62923465  092.72081789   31    0 2 0 1 0 22  11.65311230  092.73868612   13    6 2 0 0 0
110 1 0.00 90.0000 ATC Command
111  11.64774956  092.73670475
111  11.64769596  092.73678892
111  11.64803405  092.73700876
111  11.64794922  092.73713302
111  11.64799920  092.73717554
113  11.64815189  092.73695443
110 2 0.00 0.0000 Main Terminal Ramp
111  11.64914599  092.73546770 102
112  11.64948293  092.73479923  11.64986187  092.73422047
111  11.64948293  092.73479923
112  11.64948293  092.73479923  11.64967205  092.73452197
111  11.65023844  092.73376970
111  11.65026816  092.73367131
111  11.65003244  092.73349306
111  11.65013687  092.73333706
111  11.65010523  092.73307936
111  11.65003547  092.73301551
111  11.64979109  092.73304659
111  11.64970242  092.73311132
111  11.64949301  092.73294891
111  11.64954072  092.73280676
111  11.64943215  092.73288542
112  11.64934086  092.73294408  11.64929651  092.73295983
111  11.64919897  092.73296748
111  11.64759247  092.73179177
111  11.64725434  092.73222468
111  11.64719655  092.73217838
111  11.64734839  092.73198064
111  11.64698154  092.73168748
111  11.64689412  092.73161762
111  11.64675946  092.73180353
111  11.64690777  092.73192318
111  11.64676665  092.73209131
111  11.64715690  092.73239787
111  11.64699455  092.73259963 102
111  11.64632126  092.73335690
111  11.64674274  092.73368186 102
112  11.64682182  092.73352042  11.64687107  092.73343355
111  11.64682182  092.73352042
112  11.64682182  092.73352042  11.64692505  092.73333833 102
112  11.64718983  092.73304870  11.64727190  092.73303864
111  11.64718983  092.73304870
112  11.64718983  092.73304870  11.64731106  092.73303384 102
112  11.64766425  092.73329054  11.64781780  092.73341019 102
112  11.64802337  092.73368008  11.64800739  092.73379043
111  11.64802337  092.73368008
112  11.64802337  092.73368008  11.64800459  092.73384487 102
111  11.64757559  092.73429433
111  11.64799856  092.73461036 102
112  11.64845220  092.73398076  11.64858016  092.73396013 102
111  11.64887055  092.73419585 102
112  11.64916235  092.73451599  11.64915767  092.73462583 102
111  11.64902302  092.73481113 102
112  11.64880080  092.73502732  11.64873584  092.73506877 102
113  11.64865686  092.73510223
110 1 0.00 0.0000 Runway Shoulder
111  11.65399697  092.73875386
111  11.65370576  092.73880161
111  11.65324120  092.73844396
111  11.65339327  092.73821697
111  11.65277834  092.73774703
111  11.65240198  092.73781797
111  11.65233274  092.73776236
111  11.65213374  092.73761190
111  11.65191725  092.73744822
111  11.65116876  092.73688837
111  11.65112938  092.73685892
111  11.65108844  092.73682830
111  11.64916774  092.73539166
111  11.64873262  092.73506619
111  11.64803489  092.73454431
111  11.64762690  092.73423914
111  11.64678034  092.73360594
111  11.62934720  092.72056632
111  11.62902666  092.72100841
111  11.65299684  092.73894258
111  11.65303735  092.73888433
111  11.65291353  092.73879130
111  11.64411523  092.73220852
111  11.64370596  092.73190232
111  11.64186184  092.73052257
111  11.64168813  092.73039260
111  11.62912103  092.72099816
111  11.62936013  092.72066709
111  11.64632126  092.73335690
111  11.64639918  092.73341516
111  11.64674274  092.73368186
111  11.64757559  092.73429433
111  11.64779668  092.73445952
111  11.64799856  092.73461036
111  11.64865686  092.73510223
111  11.64914599  092.73546770
111  11.65096952  092.73683022
111  11.65237476  092.73788955
111  11.65314194  092.73844876
111  11.65327261  092.73854668
111  11.65303735  092.73888433
111  11.65299684  092.73894258
111  11.65389624  092.73961341
113  11.65434315  092.73902678
110 2 0.00 270.0000 New Taxiway 25
111  11.64168813  092.73039260 53 102
111  11.64149340  092.73067490 53 102
111  11.64135331  092.73087897
111  11.64053614  092.73076051
111  11.64042514  092.73166642
111  11.64085692  092.73172356
111  11.64082405  092.73195007
111  11.64079295  092.73216441
111  11.64109118  092.73218322
111  11.64134678  092.73220011
111  11.64133912  092.73232835
111  11.64142784  092.73232779
112  11.64150165  092.73191502  11.64152954  092.73184212
111  11.64150165  092.73191502
112  11.64150165  092.73191502  11.64154181  092.73189110
111  11.64184011  092.73194535
111  11.64182950  092.73198530
111  11.64186830  092.73199515
111  11.64186047  092.73204441
111  11.64194239  092.73205917
111  11.64193512  092.73214767
111  11.64205421  092.73212767
112  11.64209311  092.73195501  11.64212844  092.73193508
111  11.64209311  092.73195501
112  11.64209311  092.73195501  11.64216846  092.73196782 53 102
112  11.64336453  092.73211852  11.64393868  092.73219840
111  11.64336453  092.73211852
112  11.64336453  092.73211852  11.64376064  092.73217363 53 102
111  11.64411523  092.73220852
111  11.64370596  092.73190232 53 102
111  11.64338552  092.73191198 53 102
111  11.64194856  092.73172585
111  11.64197907  092.73149531
111  11.64147482  092.73143743
111  11.64153998  092.73094242 53 102
111  11.64165626  092.73079069 53 102
113  11.64186184  092.73052257
110 2 0.00 0.0000 Taxiway 3
111  11.65354884  092.73804602
111  11.65403641  092.73735151
111  11.65405300  092.73724500
111  11.65374429  092.73706686
112  11.65379154  092.73703058  11.65381634  092.73702859
111  11.65383608  092.73705217
111  11.65396419  092.73703166
111  11.65417012  092.73674743
111  11.65405776  092.73665694
111  11.65381369  092.73698072
112  11.65377570  092.73697977  11.65373771  092.73697882
111  11.65377570  092.73697977
112  11.65377570  092.73697977  11.65371026  092.73704292
111  11.65371026  092.73704292
111  11.65352495  092.73690005
111  11.65312235  092.73659655
111  11.65278757  092.73655341
111  11.65235902  092.73713404 53 102
112  11.65220789  092.73732313  11.65205676  092.73751221 53 102
111  11.65191712  092.73744835
111  11.65233261  092.73776249 53 102
112  11.65237873  092.73744513  11.65247227  092.73731858 53 102
113  11.65262038  092.73735043
110 1 0.00 90.0000 New Taxiway 21
111  11.65056520  092.73325155
111  11.65050246  092.73319719
111  11.65057446  092.73310594
111  11.65049450  092.73304314
111  11.65047451  092.73290700
111  11.65053067  092.73282992
111  11.65043751  092.73276385
111  11.65047935  092.73269844
111  11.65046001  092.73268287
111  11.65047570  092.73266448
111  11.65044600  092.73263770
111  11.65043450  092.73264794
111  11.65031422  092.73256155
111  11.65025258  092.73262975
111  11.65011277  092.73252659
111  11.65005522  092.73260762
111  11.64992757  092.73262592
111  11.64985480  092.73257663
111  11.64978095  092.73266071
111  11.64971582  092.73260932
111  11.64970056  092.73262878
111  11.64968206  092.73261342
111  11.64954072  092.73280676
111  11.64949236  092.73294891
111  11.64970177  092.73311132
111  11.64979044  092.73304659
111  11.65003482  092.73301551
111  11.65010458  092.73307936
111  11.65013622  092.73333706
111  11.65003179  092.73349306
113  11.65026752  092.73367131
110 1 0.00 90.0000 Helo Ramp
111  11.65227376  092.73570421
111  11.65235486  092.73563108
112  11.65240477  092.73564017  11.65242096  092.73565225
111  11.65240477  092.73564017
112  11.65240477  092.73564017  11.65241505  092.73564780
111  11.65242742  092.73566446
111  11.65245329  092.73564065
111  11.65247687  092.73566354
111  11.65254668  092.73559119
111  11.65260962  092.73552596
111  11.65258637  092.73550306
111  11.65269862  092.73538367
111  11.65243961  092.73508316
111  11.65237591  092.73513774
111  11.65231043  092.73505894
111  11.65197609  092.73535308
111  11.65222238  092.73564841 53 102
112  11.65139874  092.73651497  11.65106675  092.73686110
111  11.65139874  092.73651497
112  11.65139874  092.73651497  11.65124626  092.73667394 53 102
112  11.65118113  092.73674025  11.65115912  092.73675837
111  11.65118113  092.73674025
112  11.65118113  092.73674025  11.65108832  092.73682842 53 102
111  11.65108832  092.73682842
111  11.65116863  092.73688850 53 102
112  11.65125343  092.73677374  11.65133824  092.73665899
111  11.65125343  092.73677374
112  11.65125343  092.73677374  11.65126730  092.73675843 53 102
112  11.65145194  092.73656550  11.65161405  092.73639249
111  11.65145194  092.73656550
114  11.65145194  092.73656550  11.65178030  092.73621506 53 102
110 1 180.00 0.0000 Ait Traffic Control Building 2
111  11.64840176  092.73711601
111  11.64832125  092.73723506
111  11.64860165  092.73743633
113  11.64869327  092.73731727
110 1 0.00 180.0000 Hangar
111  11.65286495  092.73562687
111  11.65271372  092.73547959
111  11.65267402  092.73551935
111  11.65264305  092.73549229
111  11.65260962  092.73552596
111  11.65254668  092.73559119
111  11.65247687  092.73566354
111  11.65244488  092.73569997
111  11.65245932  092.73571141
111  11.65243432  092.73573879
113  11.65261263  092.73590913
110 1 90.00 0.0000 Military Hangar 2
111  11.64152057  092.73195623
111  11.64147260  092.73227462
111  11.64172846  092.73231135
113  11.64177644  092.73198889
110 1 0.00 0.0000 Building
111  11.65389664  092.73680215
111  11.65384371  092.73676055
111  11.65387734  092.73671742
111  11.65383921  092.73668235
111  11.65380505  092.73672818
111  11.65374895  092.73668663
111  11.65365344  092.73681068
113  11.65380285  092.73692178
110 1 0.00 90.0000 Building 5
111  11.64723617  092.73149506
111  11.64721535  092.73152104
111  11.64718755  092.73150133
111  11.64716676  092.73152813
111  11.64712509  092.73149509
111  11.64698090  092.73168748
111  11.64734774  092.73198064
113  11.64753463  092.73172656
110 1 0.00 0.0000 Military Hangar
111  11.64042514  092.73166642
111  11.64036517  092.73211134
111  11.64079295  092.73216441
113  11.64085692  092.73172356
110 1 0.00 180.0000 Hangar 3
111  11.65261627  092.73495573
111  11.65259151  092.73493182
111  11.65262669  092.73489306
111  11.65257344  092.73484218
112  11.65242864  092.73498450  11.65242999  092.73498726
113  11.65250665  092.73506416
130 Airport Boundary 44
111  11.65454366  092.73657400
111  11.65437736  092.73852854
111  11.65545505  092.73930445
111  11.65444362  092.74093821
111  11.65397332  092.74044331
111  11.65313519  092.74003988
111  11.64946407  092.73708682
112  11.64843039  092.73772182  11.64739671  092.73835681
111  11.64843039  092.73772182
112  11.64843039  092.73772182  11.64793976  092.73767674
112  11.64544903  092.73568908  11.64247342  092.73366809
111  11.64544903  092.73568908
112  11.64544903  092.73568908  11.64577919  092.73478975
112  11.64577919  092.73478975  11.64612729  092.73387356
111  11.64577919  092.73478975
112  11.64577919  092.73478975  11.64657858  092.73528248
112  11.64657858  092.73528248  11.64678886  092.73546482
111  11.64657858  092.73528248
112  11.64657858  092.73528248  11.64656968  092.73575433
111  11.64688090  092.73588203
112  11.64688090  092.73588203  11.64705052  092.73544118
112  11.64705052  092.73544118  11.64722013  092.73500034
111  11.64705052  092.73544118
112  11.64705052  092.73544118  11.64705949  092.73537355
112  11.64700804  092.73520268  11.64699314  092.73511487
111  11.64700804  092.73520268
112  11.64700804  092.73520268  11.64690083  092.73511204
112  11.64387512  092.73295643  11.64343596  092.73281867
111  11.64387512  092.73295643
112  11.64387512  092.73295643  11.64208110  092.73270310
112  11.64208110  092.73270310  11.64028707  092.73244976
111  11.64208110  092.73270310
112  11.64208110  092.73270310  11.64135253  092.73365161
112  11.64135253  092.73365161  11.64062397  092.73460013
111  11.64135253  092.73365161
112  11.64135253  092.73365161  11.64120658  092.73406598
112  11.64141791  092.73492092  11.64141752  092.73491745
111  11.64141791  092.73492092
112  11.64141791  092.73492092  11.64069202  092.73446155
112  11.63896263  092.73458879  11.63856508  092.73444687
111  11.63896263  092.73458879
112  11.63896263  092.73458879  11.63875747  092.73493545
112  11.63849162  092.73491955  11.63839559  092.73486650
111  11.63849162  092.73491955
112  11.63849162  092.73491955  11.63827854  092.73480184
112  11.63818050  092.73459878  11.63785777  092.73444582
111  11.63818050  092.73459878
112  11.63818050  092.73459878  11.63807625  092.73453443
112  11.63900743  092.73292944  11.63890391  092.73286401
111  11.63900743  092.73292944
112  11.63900743  092.73292944  11.63868808  092.73276346
112  11.63873918  092.73260696  11.63861171  092.73252410
111  11.63873918  092.73260696
112  11.63873918  092.73260696  11.63874524  092.73262049
112  11.63899261  092.73189951  11.63923999  092.73117854
111  11.63899261  092.73189951
112  11.63899261  092.73189951  11.63758754  092.73136264
112  11.63718380  092.73071227  11.63660076  092.73029713
111  11.63718380  092.73071227
112  11.63718380  092.73071227  11.63660885  092.73030290
112  11.63597056  092.72867017  11.63543615  092.72827885
111  11.63597056  092.72867017
112  11.63597056  092.72867017  11.63595754  092.72868564
112  11.63630571  092.72806162  11.63623130  092.72800722
111  11.63630571  092.72806162
112  11.63630571  092.72806162  11.63548365  092.72735051
112  11.63502470  092.72754956  11.63485848  092.72720002
111  11.63502470  092.72754956
112  11.63502470  092.72754956  11.63475976  092.72735501
112  11.63477150  092.72651027  11.63452549  092.72632829
111  11.63477150  092.72651027
112  11.63477150  092.72651027  11.63463041  092.72640591
112  11.63414253  092.72621540  11.63400877  092.72611570
111  11.63414253  092.72621540
112  11.63414253  092.72621540  11.63417016  092.72552603
112  11.63417016  092.72552603  11.63419779  092.72483666
111  11.63417016  092.72552603
112  11.63417016  092.72552603  11.63394099  092.72547297
112  11.63394099  092.72547297  11.63371182  092.72541991
111  11.63394099  092.72547297
112  11.63394099  092.72547297  11.63340745  092.72507566
112  11.63258046  092.72446006  11.63221436  092.72418761
111  11.63258046  092.72446006
112  11.63258046  092.72446006  11.63253702  092.72442773
112  11.63247720  092.72454235  11.63243647  092.72451199
111  11.63247720  092.72454235
112  11.63247720  092.72454235  11.63239672  092.72448237
112  11.63225206  092.72437432  11.63218255  092.72432234
111  11.63225206  092.72437432
112  11.63225206  092.72437432  11.63211432  092.72427133
112  11.63203979  092.72403758  11.63198789  092.72399258
111  11.63203979  092.72403758
112  11.63203979  092.72403758  11.63189464  092.72392887
112  11.63179288  092.72385199  11.63177631  092.72383912
111  11.63179288  092.72385199
112  11.63179288  092.72385199  11.63152806  092.72364627
111  11.62964145  092.72311711
111  11.62949467  092.72304874
111  11.62952943  092.72298720
111  11.62917618  092.72273793
111  11.62837720  092.72237712
111  11.62856549  092.72139283
111  11.62739555  092.72087126
111  11.62731481  092.72057762
111  11.62566376  092.71982046
112  11.62626492  092.71886905  11.62686608  092.71791763
111  11.62626492  092.71886905
112  11.62626492  092.71886905  11.62666947  092.71771293
111  11.62735423  092.71783548
112  11.62839566  092.71871680  11.62900887  092.71909072
111  11.62839566  092.71871680
112  11.62839566  092.71871680  11.63047769  092.71956962
112  11.63129506  092.72030171  11.63211242  092.72103380
111  11.63129506  092.72030171
112  11.63129506  092.72030171  11.63193719  092.72168101
112  11.63350280  092.72298244  11.63419164  092.72353079
111  11.63350280  092.72298244
112  11.63350280  092.72298244  11.63389511  092.72316963
112  11.63478814  092.72352452  11.63513175  092.72382701
111  11.63478814  092.72352452
112  11.63478814  092.72352452  11.63539963  092.72400759
112  11.63541169  092.72413429  11.63579142  092.72416477
111  11.63541169  092.72413429
112  11.63541169  092.72413429  11.63584607  092.72427690
112  11.63657092  092.72487210  11.63694419  092.72520008
111  11.63657092  092.72487210
112  11.63657092  092.72487210  11.63714863  092.72549349
112  11.63820556  092.72651683  11.63878377  092.72702058
111  11.63820556  092.72651683
112  11.63820556  092.72651683  11.63833339  092.72662819
112  11.63870960  092.72691070  11.63883459  092.72701941
111  11.63870960  092.72691070
112  11.63870960  092.72691070  11.63875487  092.72695007
112  11.63866064  092.72703413  11.63870555  092.72707312
111  11.63866064  092.72703413
112  11.63866064  092.72703413  11.63888985  092.72723318
112  11.63948656  092.72755089  11.63970394  092.72773909
111  11.63948656  092.72755089
112  11.63948656  092.72755089  11.63965925  092.72770040
112  11.63996782  092.72798355  11.64013176  092.72812503
111  11.63996782  092.72798355
112  11.63996782  092.72798355  11.64014803  092.72813907
112  11.64030386  092.72843791  11.64047268  092.72858234
111  11.64030386  092.72843791
112  11.64030386  092.72843791  11.64151510  092.72924585
112  11.64286186  092.73025953  11.64308631  092.73042968
111  11.64286186  092.73025953
112  11.64286186  092.73025953  11.64349496  092.73106026
112  11.64487528  092.73155476  11.64525720  092.73159200
111  11.64487528  092.73155476
112  11.64487528  092.73155476  11.64577240  092.73169068
112  11.64652015  092.73179232  11.64726790  092.73189397
111  11.64652015  092.73179232
112  11.64652015  092.73179232  11.64665971  092.73182755
112  11.64742869  092.73131504  11.64795954  092.73131724
111  11.64742869  092.73131504
112  11.64742869  092.73131504  11.64773957  092.73161129
111  11.64809910  092.73173496
111  11.64909075  092.73199946
111  11.64994728  092.73171100
111  11.65039276  092.73212935
111  11.65195717  092.73235949
111  11.65202451  092.73188587
111  11.65253073  092.73193728
111  11.65252338  092.73201956
111  11.65261566  092.73210781
111  11.65288445  092.73233027
111  11.65313997  092.73273708
111  11.65343265  092.73264421
111  11.65408900  092.73365893
111  11.65452792  092.73330387
111  11.65542828  092.73443527
111  11.65404553  092.73559352
111  11.65382252  092.73561752
111  11.65385583  092.73585883
111  11.65388565  092.73602568
111  11.65434524  092.73597419
113  11.65460928  092.73636411
120 Default hold RWY 04 (centre)
111  11.64149340  092.73067500 4
115  11.64165626  092.73079080
120 Default hold RWY 04 (far)
111  11.65237873  092.73744513 4
115  11.65220889  092.73732410
120 Linear Feature 14
111  11.64915964  092.73467700 54
115  11.64939116  092.73487112
120 Linear Feature 66
111  11.64713626  092.73276406 51
112  11.64726849  092.73270668  11.64736167  092.73269519 51
115  11.64741202  092.73273387
120 Linear Feature 52
111  11.64936963  092.73397498 51
112  11.64937468  092.73414734  11.64939327  092.73422328 51
115  11.64942638  092.73428332
120 Linear Feature 51
111  11.64980679  092.73377200 51
112  11.64949185  092.73379656  11.64941683  092.73388144 51
111  11.64936963  092.73397498 51
115  11.64924969  092.73414606
120 Linear Feature 50
111  11.64940227  092.73344408 51
112  11.64907413  092.73342644  11.64892532  092.73346786
111  11.64907413  092.73342644
112  11.64907413  092.73342644  11.64889293  092.73365684 51
111  11.64889293  092.73365684 51
115  11.64878939  092.73378849
120 Linear Feature 49
111  11.64880355  092.73300911 51
112  11.64850995  092.73302087  11.64833449  092.73305245
111  11.64850995  092.73302087
112  11.64850995  092.73302087  11.64835517  092.73324288 51
111  11.64835517  092.73324288 51
115  11.64825960  092.73337996
120 Linear Feature 48
111  11.64775047  092.73299186 51
112  11.64783474  092.73287401  11.64788074  092.73280998
111  11.64783474  092.73287401
112  11.64783474  092.73287401  11.64789194  092.73279440 51
112  11.64798354  092.73267175  11.64800598  092.73264448
111  11.64798354  092.73267175
112  11.64798354  092.73267175  11.64802403  092.73262254 51
115  11.64833065  092.73262901
120 Linear Feature 47
111  11.64725668  092.73261547 51
112  11.64746875  092.73233860  11.64752423  092.73227263 51
115  11.64794401  092.73227352
120 Linear Feature 46
111  11.64828190  092.73404128 54
115  11.64803421  092.73384273
120 Linear Feature 62
111  11.64746875  092.73233860 51
112  11.64749433  092.73226675  11.64749885  092.73223774 51
115  11.64749369  092.73219248
120 Linear Feature 61
111  11.64783474  092.73287401 51
112  11.64772792  092.73292068  11.64766314  092.73293013 51
115  11.64761043  092.73288512
120 Linear Feature 60
111  11.64783474  092.73287401 51
112  11.64782416  092.73299022  11.64783611  092.73303651 51
115  11.64787145  092.73308409
120 Linear Feature 59
111  11.64835517  092.73324288 51
112  11.64824406  092.73330100  11.64817928  092.73330572 51
115  11.64812119  092.73327446
120 Linear Feature 58
111  11.64835517  092.73324288 51
112  11.64832868  092.73337333  11.64833330  092.73343711 51
115  11.64837148  092.73346524
120 Linear Feature 57
111  11.64889293  092.73365684 51
112  11.64879954  092.73371149  11.64874822  092.73372516 51
115  11.64866097  092.73368873
120 Linear Feature 56
111  11.64890869  092.73388117 51
112  11.64886876  092.73377887  11.64885876  092.73371424 51
115  11.64889293  092.73365684
120 Linear Feature 55
111  11.64936963  092.73397498 51
112  11.64923648  092.73401891  11.64916284  092.73402848 51
115  11.64905874  092.73399773
120 Linear Feature 45
112  11.64948137  092.73447115  11.64951752  092.73440280 51
111  11.64942638  092.73428332 51
111  11.64924969  092.73414606 51
111  11.64905874  092.73399773 51
111  11.64890869  092.73388117 51
111  11.64878939  092.73378849 51
111  11.64866097  092.73368873 51
111  11.64856552  092.73361458 51
111  11.64846702  092.73353806 51
111  11.64837148  092.73346524 51
111  11.64825960  092.73337996 51
111  11.64812119  092.73327446 51
111  11.64787145  092.73308409 51
111  11.64775047  092.73299186 51
111  11.64761043  092.73288512 51
111  11.64741202  092.73273387 51
115  11.64725668  092.73261547
120 Linear Feature 39
111  11.65428863  092.73904209 20
111  11.65390103  092.73953990 20
115  11.65290201  092.73878608
120 Linear Feature 38
111  11.65377589  092.73910726 20
111  11.65385893  092.73925100 20
115  11.65394477  092.73939782
120 Linear Feature 37
111  11.65402575  092.73929388 20
111  11.65385893  092.73925100 20
115  11.65369491  092.73920884
120 Linear Feature 36
111  11.65350524  092.73890713 20
111  11.65333773  092.73886050 20
115  11.65317523  092.73882117
120 Linear Feature 35
111  11.65325267  092.73871553 20
111  11.65333773  092.73886050 20
115  11.65342748  092.73900950
120 Linear Feature 43
111  11.64184438  092.73036690 51 101
112  11.64183882  092.73028383  11.64182147  092.73024643 51 101
115  11.64170842  092.73015245
120 Linear Feature 42
111  11.64203330  092.73039605 51 101
112  11.64191101  092.73035840  11.64184438  092.73036690 51 101
111  11.64184438  092.73036690 51 101
115  11.64144814  092.73091314
120 Linear Feature 41
111  11.65314181  092.73845284 20
111  11.65329522  092.73821892 20
111  11.65276521  092.73782825 20
115  11.65237957  092.73788952
120 Linear Feature 34
111  11.65428863  092.73904209 20
111  11.65397979  092.73880687 20
111  11.65367939  092.73885352 20
111  11.65327249  092.73855076 20
111  11.65314181  092.73845284 20
115  11.65290201  092.73878608
120 Linear Feature 31
111  11.65213361  092.73761203 51 101
112  11.65230007  092.73739062  11.65231164  092.73737553 51 101
115  11.65245336  092.73722207
120 Linear Feature 65
111  11.64834188  092.73370423 51
112  11.64838637  092.73356507  11.64838476  092.73348961 51
115  11.64837148  092.73346524
120 Linear Feature 64
111  11.64856552  092.73361458 51
112  11.64845191  092.73362624  11.64839590  092.73364319 51
115  11.64834188  092.73370423
120 Linear Feature 30
111  11.64895685  092.73529605 51 101
111  11.64928204  092.73478639 51 101
116  11.64948137  092.73447115  11.64949890  092.73444306
120 Linear Feature 29
111  11.64779668  092.73445952 51 101
111  11.64815774  092.73394875 51 101
111  11.64834188  092.73370423 51 101
115  11.64846702  092.73353806
120 Linear Feature 28
111  11.64654975  092.73351407 51 101
111  11.64690557  092.73304873 51 101
111  11.64713626  092.73276406 51 101
115  11.64725668  092.73261547
120 Linear Feature 27
111  11.64424678  092.73213248 51 101
112  11.64426571  092.73206788  11.64424728  092.73204305
111  11.64426571  092.73206788
112  11.64426571  092.73206788  11.64424429  092.73204054 51 101
115  11.64352649  092.73151383
120 Linear Feature 26
111  11.64204431  092.73184273 51 101
112  11.64337901  092.73202421  11.64348229  092.73203782
111  11.64337901  092.73202421
112  11.64337901  092.73202421  11.64380812  092.73204938 51 101
111  11.64424678  092.73213248 51 101
112  11.64442495  092.73219065  11.64448665  092.73223002 51 101
115  11.64465651  092.73235920
120 Linear Feature 19
111  11.64680089  092.73292986 54
115  11.64702886  092.73310367
120 Linear Feature 18
111  11.64639918  092.73341516 53
111  11.64680089  092.73292986 53
115  11.64703850  092.73263645
120 Linear Feature 17
111  11.64757559  092.73429433 53
112  11.64781276  092.73414496  11.64787060  092.73407607 53
112  11.64803421  092.73384273  11.64807773  092.73375843 53
112  11.64809015  092.73363504  11.64807408  092.73355466 53
112  11.64770040  092.73322931  11.64756621  092.73314191 53
112  11.64720156  092.73298023  11.64709884  092.73301111
111  11.64720156  092.73298023
112  11.64720156  092.73298023  11.64709606  092.73302842 53
111  11.64702886  092.73310367 53
112  11.64675644  092.73348750  11.64667043  092.73366206
111  11.64675644  092.73348750
112  11.64675644  092.73348750  11.64670880  092.73364737 53
115  11.64674274  092.73368186
120 Linear Feature 16
111  11.64865686  092.73510223 53
112  11.64886388  092.73509658  11.64892060  092.73503962
111  11.64886388  092.73509658
112  11.64886388  092.73509658  11.64890293  092.73505956 53
112  11.64905718  092.73486853  11.64909469  092.73481866
111  11.64905718  092.73486853
112  11.64905718  092.73486853  11.64907483  092.73484507 53
112  11.64915964  092.73467700  11.64920087  092.73459376
111  11.64915964  092.73467700
112  11.64915964  092.73467700  11.64920604  092.73458331 53
112  11.64921612  092.73448876  11.64921612  092.73440939 53
112  11.64892451  092.73415932  11.64890331  092.73413198 53
112  11.64844110  092.73392635  11.64829918  092.73395643
111  11.64844110  092.73392635
112  11.64844110  092.73392635  11.64830886  092.73399796 53
111  11.64828190  092.73404128 53
112  11.64809140  092.73429868  11.64808016  092.73432328
111  11.64809140  092.73429868
112  11.64809140  092.73429868  11.64798858  092.73456607 53
115  11.64799856  092.73461036
120 Linear Feature 15
111  11.64914599  092.73546770 53
112  11.64913042  092.73531234  11.64913814  092.73524541 53
112  11.64931159  092.73499471  11.64940027  092.73484707
111  11.64931159  092.73499471
112  11.64931159  092.73499471  11.64933239  092.73496007 53
112  11.64939116  092.73487112  11.64942188  092.73482534
111  11.64939116  092.73487112
112  11.64939116  092.73487112  11.64949140  092.73472177 53
115  11.64962028  092.73454454
120 Linear Feature 10
111  11.65139874  092.73651497 4
115  11.65145194  092.73656550
120 Linear Feature 9
111  11.65254668  092.73559119 51 101
112  11.65245426  092.73551237  11.65240492  092.73548518 51 101
111  11.65234464  092.73557731 51 101
111  11.65142082  092.73654301 51 101
115  11.65112926  092.73685905
120 Linear Feature 13
111  11.65234464  092.73557731 51 101
112  11.65245426  092.73551237  11.65248510  092.73548481 51 101
115  11.65251781  092.73544813
120 Linear Feature 12
111  11.65247072  092.73527734 51 101
112  11.65240901  092.73536688  11.65237569  092.73542074
111  11.65240901  092.73536688
112  11.65240901  092.73536688  11.65237847  092.73540940 51 101
115  11.65234464  092.73557731
120 Linear Feature 11
111  11.65231157  092.73522428 51 101
112  11.65230670  092.73540834  11.65230991  092.73547887 51 101
115  11.65234464  092.73557731
120 Linear Feature 5
111  11.64068782  092.73129778 51
112  11.64101689  092.73135366  11.64134596  092.73140954
111  11.64101689  092.73135366
112  11.64101689  092.73135366  11.64108778  092.73135987 51
115  11.64114324  092.73130214
120 Linear Feature 4
111  11.64092413  092.73148248 51
112  11.64100212  092.73148923  11.64107696  092.73149618
111  11.64100212  092.73148923
112  11.64100212  092.73148923  11.64107598  092.73149799 51
115  11.64112884  092.73143031
120 Linear Feature 3
111  11.64096822  092.73117222 51
112  11.64104826  092.73118963  11.64112926  092.73120803 51
115  11.64118353  092.73115402
120 Linear Feature 2
111  11.64075219  092.73097312 51
111  11.64109756  092.73103636 51
112  11.64120302  092.73104678  11.64130847  092.73105720
111  11.64120302  092.73104678
112  11.64120302  092.73104678  11.64124403  092.73104795 51
115  11.64133058  092.73100841
120 Linear Feature 1
111  11.64082405  092.73195007 51
112  11.64099484  092.73194425  11.64105118  092.73190983 51
111  11.64108790  092.73181421 51
111  11.64112884  092.73143031 51
112  11.64114331  092.73130156  11.64115778  092.73117281
111  11.64114331  092.73130156
112  11.64114331  092.73130156  11.64114324  092.73130214 51
112  11.64117118  092.73118405  11.64119912  092.73106596
111  11.64117118  092.73118405
112  11.64117118  092.73118405  11.64117117  092.73118386 51
112  11.64118353  092.73115402  11.64118990  092.73114332
111  11.64118353  092.73115402
112  11.64118353  092.73115402  11.64121113  092.73110767 51
112  11.64133058  092.73100841  11.64140526  092.73095683
111  11.64133058  092.73100841
112  11.64133058  092.73100841  11.64137363  092.73097462 51
115  11.64144814  092.73091314
21  11.63269788  092.72286193 2 38.2700 3.00 PAPI
14  11.64794075  092.73688241  82.02 0 New Tower Viewpoint 22
1300  11.65254234  092.73542135 136.08 tie_down helos New Ramp Start 1
1301 A general_aviation 
1300  11.65249460  092.73525189 140.71 tie_down helos New Ramp Start 2
1301 A general_aviation 
1300  11.65231388  092.73519366  94.16 tie_down helos New Ramp Start 3
1301 A general_aviation 
1300  11.64982398  092.73376828   0.00 gate jets|turboprops Gate 1
1301 D airline 
1300  11.64940953  092.73345261   0.00 gate jets|turboprops Gate 2
1301 D airline 
1300  11.64881411  092.73301101   0.00 gate jets|turboprops Gate 3
1301 D airline 
1300  11.64833065  092.73262901   0.00 gate jets|turboprops Gate 4
1301 D airline 
1300  11.64794401  092.73227352   0.00 gate jets|turboprops Gate 5
1301 D airline 
1300  11.64749842  092.73218375 130.01 gate jets|turboprops|props GA Gate 6
1301 B airline 
1300  11.64182576  092.73163677   6.00 tie_down jets|turboprops Military Ramp Start 1
1301 B military 
1300  11.64095066  092.73116783   8.00 tie_down jets|turboprops Military Ramp Start 2
1301 B military 
1300  11.64090576  092.73148114   8.00 tie_down jets|turboprops Military Ramp Start 3
1301 B military 
1300  11.64071183  092.73096761   6.12 tie_down jets|turboprops Military Ramp Start 4
1301 B military 
1300  11.64065222  092.73129173   8.00 tie_down jets|turboprops Military Ramp Start 5
1301 B military 
18  11.65020859  092.73291829 1 BCN
19  11.63032970  092.72045320 1 WS
19  11.65329928  092.73943892 1 WS
50 12640 ATIS
54 11810 TWR
54 12350 TWR
55 11810 APP
99
